6.86734
6.86734
6.86734
6.86734
6.86734
7.25535
7.25535
7.25535
7.25535
7.25535
7.63287
7.63287
7.63287
7.63287
7.63287
8
8
8
8
8
8.35685
8.35685
8.35685
8.35685
8.35685
8.70351
8.70351
8.70351
8.70351
8.70351
9.04009
9.04009
9.04009
9.04009
9.04009
9.36669
9.36669
9.36669
9.36669
9.36669
9.68342
9.68342
9.68342
9.68342
9.68342
9.99037
9.99037
9.99037
9.99037
9.99037
10.2876
10.2876
10.2876
10.2876
10.2876
10.5754
10.5754
10.5754
10.5754
10.5754
10.8536
10.8536
10.8536
10.8536
10.8536
11.1225
11.1225
11.1225
11.1225
11.1225
11.3821
11.3821
11.3821
11.3821
11.3821
11.6326
11.6326
11.6326
11.6326
11.6326
11.874
11.874
11.874
11.874
11.874
12.1065
12.1065
12.1065
12.1065
12.1065
12.3301
12.3301
12.3301
12.3301
12.3301
12.545
12.545
12.545
12.545
12.545
12.7513
12.7513
12.7513
12.7513
12.7513
12.949
12.949
12.949
12.949
12.949
13.1383
13.1383
13.1383
13.1383
13.1383
13.3193
13.3193
13.3193
13.3193
13.3193
13.4921
13.4921
13.4921
13.4921
13.4921
13.6568
13.6568
13.6568
13.6568
13.6568
13.8135
13.8135
13.8135
13.8135
13.8135
13.9623
13.9623
13.9623
13.9623
13.9623
14.1033
14.1033
14.1033
14.1033
14.1033
14.2367
14.2367
14.2367
14.2367
14.2367
14.3625
14.3625
14.3625
14.3625
14.3625
14.4808
14.4808
14.4808
14.4808
14.4808
14.5918
14.5918
14.5918
14.5918
14.5918
14.6955
14.6955
14.6955
14.6955
14.6955
14.7921
14.7921
14.7921
14.7921
14.7921
14.8817
14.8817
14.8817
14.8817
14.8817
14.9643
14.9643
14.9643
14.9643
14.9643
15.0402
15.0402
15.0402
15.0402
15.0402
15.1093
15.1093
15.1093
15.1093
15.1093
15.1719
15.1719
15.1719
15.1719
15.1719
15.228
15.228
15.228
15.228
15.228
15.2777
15.2777
15.2777
15.2777
15.2777
15.3211
15.3211
15.3211
15.3211
15.3211
15.3584
15.3584
15.3584
15.3584
15.3584
15.3897
15.3897
15.3897
15.3897
15.3897
15.415
15.415
15.415
15.415
15.415
15.4345
15.4345
15.4345
15.4345
15.4345
15.4483
15.4483
15.4483
15.4483
15.4483
15.4565
15.4565
15.4565
15.4565
15.4565
15.4593
15.4593
15.4593
15.4593
15.4593
15.4566
15.4566
15.4566
15.4566
15.4566
15.4488
15.4488
15.4488
15.4488
15.4488
15.4357
15.4357
15.4357
15.4357
15.4357
15.4177
15.4177
15.4177
15.4177
15.4177
15.3947
15.3947
15.3947
15.3947
15.3947
15.3669
15.3669
15.3669
15.3669
15.3669
15.3344
15.3344
15.3344
15.3344
15.3344
15.2974
15.2974
15.2974
15.2974
15.2974
15.2559
15.2559
15.2559
15.2559
15.2559
15.21
15.21
15.21
15.21
15.21
15.1599
15.1599
15.1599
15.1599
15.1599
15.1057
15.1057
15.1057
15.1057
15.1057
15.0475
15.0475
15.0475
15.0475
15.0475
14.9853
14.9853
14.9853
14.9853
14.9853
14.9195
14.9195
14.9195
14.9195
14.9195
14.8499
14.8499
14.8499
14.8499
14.8499
14.7768
14.7768
14.7768
14.7768
14.7768
14.7003
14.7003
14.7003
14.7003
14.7003
14.6205
14.6205
14.6205
14.6205
14.6205
14.5375
14.5375
14.5375
14.5375
14.5375
14.4514
14.4514
14.4514
14.4514
14.4514
14.3623
14.3623
14.3623
14.3623
14.3623
14.2704
14.2704
14.2704
14.2704
14.2704
14.1758
14.1758
14.1758
14.1758
14.1758
14.0786
14.0786
14.0786
14.0786
14.0786
13.9789
13.9789
13.9789
13.9789
13.9789
13.8768
13.8768
13.8768
13.8768
13.8768
13.7725
13.7725
13.7725
13.7725
13.7725
13.666
13.666
13.666
13.666
13.666
13.5575
13.5575
13.5575
13.5575
13.5575
13.4471
13.4471
13.4471
13.4471
13.4471
13.335
13.335
13.335
13.335
13.335
13.2211
13.2211
13.2211
13.2211
13.2211
13.1058
13.1058
13.1058
13.1058
13.1058
12.989
12.989
12.989
12.989
12.989
12.871
12.871
12.871
12.871
12.871
12.7517
12.7517
12.7517
12.7517
12.7517
12.6314
12.6314
12.6314
12.6314
12.6314
12.5102
12.5102
12.5102
12.5102
12.5102
12.3882
12.3882
12.3882
12.3882
12.3882
12.2655
12.2655
12.2655
12.2655
12.2655
12.1422
12.1422
12.1422
12.1422
12.1422
12.0184
12.0184
12.0184
12.0184
12.0184
11.8943
11.8943
11.8943
11.8943
11.8943
11.7701
11.7701
11.7701
11.7701
11.7701
11.6457
11.6457
11.6457
11.6457
11.6457
11.5214
11.5214
11.5214
11.5214
11.5214
11.3973
11.3973
11.3973
11.3973
11.3973
11.2734
11.2734
11.2734
11.2734
11.2734
11.15
11.15
11.15
11.15
11.15
11.0271
11.0271
11.0271
11.0271
11.0271
10.9049
10.9049
10.9049
10.9049
10.9049
10.7834
10.7834
10.7834
10.7834
10.7834
10.6629
10.6629
10.6629
10.6629
10.6629
10.5434
10.5434
10.5434
10.5434
10.5434
10.425
10.425
10.425
10.425
10.425
10.308
10.308
10.308
10.308
10.308
10.1923
10.1923
10.1923
10.1923
10.1923
10.0782
10.0782
10.0782
10.0782
10.0782
9.96576
9.96576
9.96576
9.96576
9.96576
9.8551
9.8551
9.8551
9.8551
9.8551
9.74636
9.74636
9.74636
9.74636
9.74636
9.63966
9.63966
9.63966
9.63966
9.63966
9.53513
9.53513
9.53513
9.53513
9.53513
9.43289
9.43289
9.43289
9.43289
9.43289
9.33308
9.33308
9.33308
9.33308
9.33308
9.23582
9.23582
9.23582
9.23582
9.23582
9.14124
9.14124
9.14124
9.14124
9.14124
9.04946
9.04946
9.04946
9.04946
9.04946
8.96063
8.96063
8.96063
8.96063
8.96063
8.87485
8.87485
8.87485
8.87485
8.87485
8.79227
8.79227
8.79227
8.79227
8.79227
8.71301
8.71301
8.71301
8.71301
8.71301
8.6372
8.6372
8.6372
8.6372
8.6372
8.56497
8.56497
8.56497
8.56497
8.56497
8.49645
8.49645
8.49645
8.49645
8.49645
8.43178
8.43178
8.43178
8.43178
8.43178
8.37107
8.37107
8.37107
8.37107
8.37107
8.31446
8.31446
8.31446
8.31446
8.31446
8.26209
8.26209
8.26209
8.26209
8.26209
8.21408
8.21408
8.21408
8.21408
8.21408
8.17056
8.17056
8.17056
8.17056
8.17056
8.13167
8.13167
8.13167
8.13167
8.13167
8.09753
8.09753
8.09753
8.09753
8.09753
8.06828
8.06828
8.06828
8.06828
8.06828
8.04406
8.04406
8.04406
8.04406
8.04406
8.02498
8.02498
8.02498
8.02498
8.02498
8.01119
8.01119
8.01119
8.01119
8.01119
8.00282
8.00282
8.00282
8.00282
8.00282
8
8
8
8
8
8.00286
8.00286
8.00286
8.00286
8.00286
8.01155
8.01155
8.01155
8.01155
8.01155
8.02618
8.02618
8.02618
8.02618
8.02618
8.0469
8.0469
8.0469
8.0469
8.0469
8.07384
8.07384
8.07384
8.07384
8.07384
8.10713
8.10713
8.10713
8.10713
8.10713
8.14691
8.14691
8.14691
8.14691
8.14691
8.19332
8.19332
8.19332
8.19332
8.19332
8.24648
8.24648
8.24648
8.24648
8.24648
