3
1.5
0
3.35672
1.78122
0.227045
3.71255
2.06176
0.4629
4.06246
2.32724
0.683908
4.40323
2.57553
0.894749
4.72251
2.73118
1.07148
5.19239
2.99694
1.31141
5.61862
3.29565
1.51782
6.03538
3.60193
1.69321
6.44034
3.8746
1.84843
6.72957
4.06803
1.9493
6.87741
4.18594
1.98438
7.33361
4.47962
2.12762
7.63557
4.66723
2.23484
7.82857
4.75371
2.41823
8.34631
4.61508
2.77168
8.31749
4.61162
2.7893
8.28793
4.60792
2.80669
8.25767
4.60397
2.82381
8.22675
4.59979
2.84061
8.19525
4.59537
2.85705
8.16321
4.59073
2.8731
8.13073
4.58587
2.88872
8.09788
4.58082
2.90389
8.06477
4.57559
2.9186
8.03148
4.57021
2.93283
7.99812
4.5647
2.94658
7.96479
4.55908
2.95986
7.93159
4.55338
2.97268
7.89863
4.54763
2.98508
7.866
4.54187
2.99708
7.8586
4.55396
3.03398
7.85123
4.56684
3.07355
7.84392
4.5805
3.1158
7.83672
4.59492
3.1607
7.82971
4.61005
3.20819
7.82297
4.62587
3.25814
7.81662
4.64233
3.31045
7.81078
4.65941
3.36496
7.8056
4.67705
3.42155
7.80121
4.69525
3.48008
7.79779
4.714
3.54047
7.79553
4.73329
3.60263
7.79465
4.75319
3.66653
7.79541
4.77375
3.73215
7.79814
4.79511
3.79953
7.78573
4.80201
3.82161
7.77341
4.80886
3.84348
7.76118
4.81565
3.86513
7.74903
4.8224
3.88657
7.73697
4.82909
3.90779
7.72501
4.83572
3.9288
7.71314
4.8423
3.94959
7.70136
4.84882
3.97016
7.68968
4.85528
3.99051
7.6781
4.86169
4.01065
7.66662
4.86803
4.03057
7.65523
4.87431
4.05027
7.64396
4.88053
4.06975
7.63278
4.88669
4.08901
7.62172
4.89279
4.10806
7.61056
4.89825
4.12495
7.59949
4.90365
4.14167
7.5885
4.909
4.1582
7.57759
4.9143
4.17456
7.56676
4.91955
4.19075
7.55602
4.92474
4.20676
7.54537
4.92988
4.2226
7.53481
4.93496
4.23827
7.52433
4.93999
4.25376
7.51395
4.94497
4.26908
7.50366
4.9499
4.28424
7.49346
4.95477
4.29922
7.48335
4.95958
4.31404
7.47335
4.96435
4.32869
7.46343
4.96906
4.34317
7.45381
4.97341
4.35608
7.44426
4.97772
4.36886
7.43479
4.98198
4.3815
7.4254
4.9862
4.394
7.41609
4.99037
4.40636
7.40687
4.9945
4.4186
7.39773
4.99859
4.4307
7.38867
5.00264
4.44267
7.37969
5.00665
4.45451
7.3708
5.01061
4.46622
7.362
5.01453
4.4778
7.35327
5.01841
4.48925
7.34464
5.02225
4.50058
7.33608
5.02605
4.51179
7.32762
5.02981
4.52287
7.31943
5.03343
4.53302
7.31132
5.03701
4.54305
7.30328
5.04055
4.55298
7.29531
5.04406
4.5628
7.28743
5.04754
4.57251
7.27961
5.05098
4.58212
7.27188
5.05439
4.59163
7.26421
5.05776
4.60103
7.25662
5.0611
4.61034
7.24911
5.06441
4.61954
7.24167
5.06768
4.62865
7.2343
5.07092
4.63766
7.22701
5.07413
4.64657
7.21979
5.0773
4.65539
7.21265
5.08044
4.66412
7.20574
5.08354
4.67227
7.1989
5.08662
4.68034
7.19213
5.08967
4.68832
7.18542
5.09269
4.69622
7.17878
5.09567
4.70403
7.17221
5.09863
4.71176
7.1657
5.10156
4.71941
7.15926
5.10447
4.72698
7.15288
5.10734
4.73447
7.14656
5.11018
4.74188
7.14031
5.113
4.74921
7.13412
5.11579
4.75646
7.128
5.11855
4.76364
7.12193
5.12128
4.77075
7.11593
5.12399
4.77777
7.11013
5.1267
4.78445
7.10438
5.1294
4.79106
7.09868
5.13206
4.7976
7.09305
5.13471
4.80407
7.08747
5.13732
4.81047
7.08195
5.13991
4.8168
7.07649
5.14248
4.82307
7.07108
5.14502
4.82928
7.06572
5.14753
4.83541
7.06042
5.15003
4.84149
7.05518
5.15249
4.8475
7.04999
5.15493
4.85345
7.04485
5.15735
4.85933
7.03976
5.15975
4.86516
7.03472
5.16212
4.87093
7.02984
5.16452
4.87647
7.025
5.1669
4.88196
7.02021
5.16925
4.8874
7.01547
5.17159
4.89277
7.01078
5.1739
4.89809
7.00614
5.17619
4.90336
7.00154
5.17845
4.90857
6.99699
5.1807
4.91373
6.99249
5.18292
4.91883
6.98804
5.18512
4.92388
6.98363
5.1873
4.92888
6.97926
5.18946
4.93383
6.97494
5.1916
4.93872
6.97067
5.19372
4.94357
6.96644
5.19581
4.94837
6.96231
5.19794
4.95303
6.95823
5.20005
4.95765
6.95418
5.20214
4.96221
6.95018
5.20421
4.96673
6.94623
5.20627
4.97121
6.94231
5.2083
4.97563
6.93843
5.21031
4.98001
6.93459
5.2123
4.98435
6.93079
5.21427
4.98864
6.92703
5.21623
4.99289
6.92331
5.21816
4.99709
6.91963
5.22007
5.00126
6.91599
5.22197
5.00537
6.91238
5.22385
5.00945
6.90881
5.22571
5.01349
6.90531
5.2276
5.01744
6.90184
5.22948
5.02136
6.89842
5.23134
5.02523
6.89503
5.23318
5.02907
6.89167
5.235
5.03287
6.88835
5.23681
5.03662
6.88506
5.2386
5.04034
6.8818
5.24037
5.04402
6.87858
5.24212
5.04767
6.87539
5.24386
5.05127
6.87224
5.24557
5.05484
6.86912
5.24728
5.05837
6.86602
5.24896
5.06187
6.86297
5.25063
5.06533
6.85994
5.25228
5.06876
6.85695
5.25397
5.07214
6.854
5.25564
5.07549
6.85108
5.25729
5.0788
6.84819
5.25893
5.08208
6.84533
5.26055
5.08533
6.84249
5.26216
5.08854
6.83969
5.26375
5.09172
6.83692
5.26533
5.09487
6.83417
5.26689
5.09799
6.83145
5.26843
5.10107
6.82876
5.26996
5.10413
6.8261
5.27147
5.10715
6.82346
5.27297
5.11014
6.82085
5.27446
5.11311
6.81827
5.27593
5.11604
6.81571
5.27743
5.11895
6.81318
5.27892
5.12183
6.81068
5.28039
5.12468
6.8082
5.28185
5.12751
6.80574
5.28329
5.1303
6.80332
5.28472
5.13307
6.80091
5.28614
5.13581
6.79853
5.28754
5.13852
6.79618
5.28893
5.1412
6.79385
5.2903
5.14386
6.79154
5.29166
5.14649
6.78926
5.29301
5.14909
6.78699
5.29434
5.15167
6.78476
5.29567
5.15422
6.78254
5.29697
5.15675
6.78034
5.29831
5.15927
6.77816
5.29964
5.16176
6.776
5.30095
5.16423
6.77386
5.30225
5.16668
6.77174
5.30353
5.1691
6.76965
5.30481
5.17149
6.76758
5.30607
5.17387
6.76553
5.30731
5.17621
6.7635
5.30855
5.17854
6.76149
5.30978
5.18084
6.7595
5.31099
5.18312
6.75753
5.31219
5.18537
6.75558
5.31338
5.1876
6.75365
5.31455
5.18981
6.75174
5.31572
5.192
6.74983
5.31691
5.1942
6.74794
5.31809
5.19637
6.74607
5.31926
5.19852
6.74421
5.32042
5.20064
6.74238
5.32156
5.20275
6.74057
5.3227
5.20484
6.73877
5.32382
5.2069
6.73699
5.32493
5.20894
6.73523
5.32604
5.21097
6.73349
5.32713
5.21297
6.73176
5.32821
5.21495
6.73006
5.32928
5.21692
6.72837
5.33034
5.21886
6.72669
5.33139
5.22078
6.72504
5.33242
5.22269
6.72338
5.33349
5.2246
6.72173
5.33454
5.2265
6.7201
5.33558
5.22838
6.71849
5.33661
5.23024
6.71689
5.33764
5.23208
6.71531
5.33865
5.23391
6.71375
5.33965
5.23571
6.7122
5.34064
5.2375
6.71066
5.34163
5.23927
6.70915
5.3426
5.24102
6.70764
5.34356
5.24275
6.70616
5.34452
5.24447
6.70468
5.34546
5.24617
6.70323
5.3464
5.24785
6.70178
5.34732
5.24951
6.70033
5.34827
5.2512
6.69889
5.34921
5.25286
6.69747
5.35014
5.25451
6.69605
5.35107
5.25614
6.69466
5.35198
5.25776
6.69328
5.35288
5.25936
6.69191
5.35378
5.26094
6.69055
5.35466
5.26251
6.68921
5.35554
5.26407
6.68788
5.35641
5.2656
6.68657
5.35727
5.26712
6.68527
5.35812
5.26863
6.68398
5.35897
5.27012
6.6827
5.3598
5.2716
6.68144
5.36063
5.27306
6.68016
5.36148
5.27454
6.6789
5.36232
5.27601
6.67765
5.36315
5.27746
6.67641
5.36397
5.2789
6.67518
5.36479
5.28032
6.67397
5.3656
5.28173
6.67277
5.3664
5.28313
6.67158
5.36719
5.28451
6.6704
5.36798
5.28588
6.66923
5.36875
5.28723
6.66808
5.36952
5.28857
6.66693
5.37028
5.2899
6.6658
5.37104
5.29122
6.66468
5.37178
5.29252
6.66357
5.37252
5.29381
6.66245
5.37328
5.29511
6.66133
5.37403
5.29641
6.66023
5.37478
5.29769
6.65914
5.37552
5.29896
6.65806
5.37625
5.30022
6.65699
5.37697
5.30147
6.65593
5.37769
5.3027
6.65488
5.37839
5.30392
6.65384
5.3791
5.30513
6.65281
5.37979
5.30633
6.65179
5.38048
5.30751
6.65078
5.38116
5.30869
6.64978
5.38184
5.30985
6.6488
5.3825
5.311
6.64782
5.38317
5.31214
6.64682
5.38385
5.3133
6.64584
5.38452
5.31445
6.64486
5.38519
5.31558
6.6439
5.38585
5.31671
6.64294
5.3865
5.31782
6.64199
5.38715
5.31893
6.64106
5.38779
5.32002
6.64013
5.38843
5.3211
6.63921
5.38906
5.32217
6.6383
5.38968
5.32324
6.6374
5.3903
5.32429
6.63651
5.39091
5.32533
6.63562
5.39151
5.32636
6.63475
5.39211
5.32737
6.63388
5.3927
5.32838
6.633
5.39331
5.32941
6.63213
5.39392
5.33044
6.63126
5.39452
5.33145
6.63041
5.39511
5.33245
6.62956
5.3957
5.33344
6.62872
5.39628
5.33442
6.62789
5.39685
5.33539
6.62706
5.39742
5.33635
6.62625
5.39799
5.3373
6.62544
5.39855
5.33825
6.62464
5.3991
5.33918
6.62385
5.39965
5.3401
6.62307
5.40019
5.34102
6.62229
5.40073
5.34193
6.62153
5.40126
5.34282
6.62074
5.40181
5.34374
6.61996
5.40235
5.34465
6.61919
5.40289
5.34555
6.61843
5.40342
5.34644
6.61768
5.40395
5.34732
6.61693
5.40447
5.3482
6.61619
5.40499
5.34906
6.61546
5.4055
5.34992
6.61473
5.40601
5.35077
6.61402
5.40651
5.35161
6.61331
5.407
5.35244
6.6126
5.4075
5.35326
6.61191
5.40798
5.35408
6.61122
5.40847
5.35488
6.61053
5.40894
5.35568
6.60983
5.40944
5.3565
6.60914
5.40993
5.35731
6.60845
5.41041
5.35812
6.60778
5.41089
5.35891
6.6071
5.41136
5.3597
6.60644
5.41183
5.36048
6.60578
5.4123
5.36125
6.60512
5.41276
5.36202
6.60448
5.41321
5.36277
6.60384
5.41366
5.36352
6.6032
5.41411
5.36427
6.60258
5.41455
5.365
6.60196
5.41499
5.36573
6.60134
5.41542
5.36645
6.60073
5.41585
5.36716
6.60011
5.4163
5.36789
6.59949
5.41674
5.36862
6.59888
5.41717
5.36934
6.59827
5.4176
5.37005
6.59767
5.41803
5.37075
6.59707
5.41845
5.37145
6.59648
5.41887
5.37214
6.5959
5.41928
5.37283
6.59532
5.4197
5.3735
6.59475
5.4201
5.37417
6.59419
5.4205
5.37484
6.59362
5.4209
5.3755
6.59307
5.4213
5.37615
6.59252
5.42169
5.37679
6.59198
5.42207
5.37743
6.59142
5.42247
5.37809
6.59086
5.42287
5.37874
6.59031
5.42326
5.37938
6.58977
5.42365
5.38002
6.58923
5.42403
5.38065
6.5887
5.42441
5.38127
6.58817
5.42479
5.38189
6.58765
5.42516
5.3825
6.58714
5.42553
5.38311
6.58662
5.4259
5.38371
6.58612
5.42626
5.38431
6.58561
5.42662
5.38489
6.58512
5.42698
5.38548
6.58463
5.42733
5.38606
6.58414
5.42768
5.38663
6.58364
5.42804
5.38722
6.58314
5.4284
5.3878
6.58265
5.42875
5.38838
6.58216
5.4291
5.38895
6.58168
5.42945
5.38952
6.5812
5.42979
5.39008
6.58073
5.43013
5.39063
6.58026
5.43047
5.39118
6.5798
5.4308
5.39173
6.57934
5.43113
5.39226
6.57888
5.43146
5.3928
6.57843
5.43178
5.39333
6.57799
5.4321
5.39385
6.57755
5.43242
5.39437
6.57711
5.43273
5.39488
6.57666
5.43306
5.39541
6.57621
5.43338
5.39594
6.57577
5.4337
5.39645
6.57534
5.43402
5.39697
6.5749
5.43433
5.39748
6.57447
5.43464
5.39798
6.57405
5.43495
5.39848
6.57363
5.43525
5.39897
6.57321
5.43555
5.39946
6.5728
5.43585
5.39995
6.57239
5.43614
5.40043
6.57199
5.43644
5.4009
6.57159
5.43672
5.40137
6.57119
5.43701
5.40184
6.5708
5.4373
5.4023
6.57039
5.43759
5.40278
6.56999
5.43788
5.40325
6.5696
5.43817
5.40371
6.5692
5.43845
5.40418
6.56881
5.43874
5.40464
6.56843
5.43902
5.40509
6.56805
5.43929
5.40554
6.56767
5.43957
5.40598
6.56729
5.43984
5.40642
6.56692
5.44011
5.40686
6.56656
5.44038
5.40729
6.56619
5.44064
5.40772
6.56583
5.4409
5.40814
6.56548
5.44116
5.40856
6.56512
5.44142
5.40898
6.56476
5.44168
5.4094
6.5644
5.44195
5.40983
6.56404
5.44221
5.41025
6.56369
5.44246
5.41067
6.56334
5.44272
5.41108
6.56299
5.44297
5.41149
6.56265
5.44322
5.41189
6.5623
5.44347
5.41229
6.56197
5.44372
5.41269
6.56163
5.44396
5.41308
6.5613
5.4442
5.41347
6.56098
5.44444
5.41386
6.56065
5.44468
5.41424
6.56033
5.44491
5.41462
6.56001
5.44514
5.41499
6.55968
5.44538
5.41538
6.55936
5.44562
5.41576
6.55904
5.44586
5.41614
6.55872
5.44609
5.41651
6.5584
5.44632
5.41689
6.55809
5.44655
5.41725
6.55778
5.44678
5.41762
6.55747
5.447
5.41798
6.55717
5.44723
5.41834
6.55687
5.44745
5.41869
6.55657
5.44766
5.41904
6.55627
5.44788
5.41939
6.55598
5.44809
5.41973
6.55569
5.44831
5.42008
6.55541
5.44852
5.42041
6.55511
5.44873
5.42076
6.55482
5.44895
5.42111
6.55453
5.44916
5.42145
6.55424
5.44937
5.42179
6.55395
5.44958
5.42213
6.55367
5.44979
5.42246
6.55339
5.45
5.42279
6.55311
5.4502
5.42311
6.55284
5.4504
5.42344
6.55257
5.4506
5.42376
6.5523
5.4508
5.42407
6.55203
5.45099
5.42439
6.55177
5.45119
5.4247
6.55151
5.45138
5.425
6.55125
5.45157
5.42531
6.55098
5.45177
5.42562
6.55072
5.45196
5.42594
6.55045
5.45216
5.42625
6.55019
5.45235
5.42655
6.54993
5.45254
5.42686
6.54968
5.45272
5.42716
6.54943
5.45291
5.42745
6.54918
5.45309
5.42775
6.54893
5.45328
5.42804
6.54868
5.45346
5.42833
6.54844
5.45364
5.42862
6.5482
5.45381
5.4289
6.54796
5.45399
5.42918
6.54773
5.45416
5.42946
6.54749
5.45434
5.42973
6.54725
5.45451
5.43002
6.54701
5.45469
5.4303
6.54677
5.45487
5.43058
6.54654
5.45504
5.43086
6.54631
5.45521
5.43113
6.54607
5.45538
5.4314
6.54585
5.45555
5.43167
6.54562
5.45572
5.43194
6.5454
5.45588
5.4322
6.54517
5.45605
5.43246
6.54495
5.45621
5.43272
6.54474
5.45637
5.43298
6.54452
5.45653
5.43323
6.54431
5.45669
5.43348
6.5441
5.45684
5.43373
6.54388
5.457
5.43399
6.54366
5.45716
5.43425
6.54345
5.45732
5.4345
6.54323
5.45748
5.43475
6.54302
5.45764
5.435
6.54282
5.45779
5.43525
6.54261
5.45794
5.43549
6.5424
5.4581
5.43573
6.5422
5.45825
5.43597
6.542
5.45839
5.43621
6.5418
5.45854
5.43644
6.54161
5.45869
5.43667
6.54141
5.45883
5.4369
6.54122
5.45897
5.43713
6.54103
5.45912
5.43735
6.54083
5.45926
5.43759
6.54063
5.45941
5.43782
6.54044
5.45955
5.43805
6.54024
5.45969
5.43828
6.54005
5.45984
5.4385
6.53987
5.45998
5.43872
6.53968
5.46012
5.43894
6.53949
5.46025
5.43916
6.53931
5.46039
5.43938
6.53913
5.46052
5.43959
6.53895
5.46066
5.4398
6.53877
5.46079
5.44001
6.53859
5.46092
5.44022
6.53842
5.46105
5.44043
6.53825
5.46118
5.44063
6.53807
5.46131
5.44084
6.53789
5.46144
5.44105
6.53771
5.46157
5.44126
6.53754
5.4617
5.44147
6.53736
5.46183
5.44167
6.53719
5.46196
5.44187
6.53702
5.46209
5.44207
6.53686
5.46221
5.44227
6.53669
5.46233
5.44247
6.53653
5.46246
5.44266
6.53636
5.46258
5.44285
6.5362
5.4627
5.44304
6.53604
5.46282
5.44323
6.53588
5.46293
5.44342
6.53573
5.46305
5.4436
6.53556
5.46317
5.4438
6.5354
5.46329
5.44399
6.53524
5.46341
5.44417
6.53508
5.46353
5.44436
6.53493
5.46364
5.44455
6.53477
5.46376
5.44473
6.53462
5.46387
5.44491
6.53447
5.46399
5.44509
6.53432
5.4641
5.44527
6.53417
5.46421
5.44544
6.53402
5.46432
5.44562
6.53387
5.46443
5.44579
6.53373
5.46454
5.44596
6.53359
5.46464
5.44613
6.53344
5.46475
5.4463
6.5333
5.46486
5.44647
6.53315
5.46497
5.44664
6.533
5.46508
5.44681
6.53286
5.46518
5.44698
6.53272
5.46529
5.44715
6.53258
5.46539
5.44732
6.53244
5.4655
5.44748
6.5323
5.4656
5.44764
6.53216
5.4657
5.4478
6.53203
5.4658
5.44796
6.5319
5.4659
5.44812
6.53176
5.466
5.44828
6.53163
5.4661
5.44843
6.5315
5.4662
5.44859
6.53137
5.46629
5.44874
6.53124
5.46639
5.4489
6.53111
5.46649
5.44905
6.53097
5.46659
5.44921
6.53084
5.46669
5.44936
6.53072
5.46678
5.44951
6.53059
5.46688
5.44967
6.53046
5.46697
5.44981
6.53034
5.46707
5.44996
6.53021
5.46716
5.45011
6.53009
5.46725
5.45025
6.52997
5.46734
5.4504
6.52985
5.46743
5.45054
6.52973
5.46752
5.45068
6.52961
5.46761
5.45082
6.52949
5.4677
5.45096
6.52937
5.46779
5.4511
6.52925
5.46788
5.45124
6.52913
5.46797
5.45138
6.52901
5.46806
5.45152
6.5289
5.46814
5.45166
6.52878
5.46823
5.4518
6.52867
5.46831
5.45193
6.52855
5.4684
5.45207
6.52844
5.46848
5.4522
6.52833
5.46857
5.45233
6.52822
5.46865
5.45246
6.52811
5.46873
5.45259
6.528
5.46881
5.45272
6.52789
5.46889
5.45284
6.52779
5.46897
5.45297
6.52768
5.46905
5.4531
6.52757
5.46914
5.45323
6.52746
5.46922
5.45336
6.52735
5.4693
5.45348
6.52725
5.46938
5.45361
6.52714
5.46946
5.45373
6.52704
5.46953
5.45386
6.52693
5.46961
5.45398
6.52683
5.46969
5.4541
6.52673
5.46976
5.45422
6.52663
5.46984
5.45434
6.52653
5.46991
5.45445
6.52643
5.46999
5.45457
6.52634
5.47006
5.45468
6.52624
5.47013
5.4548
6.52614
5.47021
5.45492
6.52604
5.47028
5.45503
6.52594
5.47035
5.45515
6.52584
5.47043
5.45526
6.52575
5.4705
5.45538
6.52565
5.47057
5.45549
6.52556
5.47064
5.4556
6.52546
5.47071
5.45571
6.52537
5.47078
5.45582
6.52528
5.47085
5.45593
6.52519
5.47092
5.45604
6.5251
5.47099
5.45614
6.52501
5.47105
5.45625
6.52492
5.47112
5.45635
6.52483
5.47119
5.45646
6.52474
5.47125
5.45656
6.52465
5.47132
5.45667
6.52456
5.47139
5.45678
6.52447
5.47145
5.45688
6.52438
5.47152
5.45698
6.5243
5.47159
5.45709
6.52421
5.47165
5.45719
6.52413
5.47171
5.45729
6.52404
5.47178
5.45739
6.52396
5.47184
5.45749
6.52388
5.4719
5.45759
6.52379
5.47196
5.45768
6.52371
5.47202
5.45778
6.52363
5.47208
5.45787
6.52355
5.47214
5.45797
6.52347
5.47221
5.45806
6.52339
5.47227
5.45816
6.52331
5.47233
5.45826
6.52323
5.47239
5.45835
6.52315
5.47245
5.45845
6.52307
5.47251
5.45854
6.52299
5.47257
5.45863
6.52291
5.47262
5.45872
6.52284
5.47268
5.45881
6.52276
5.47274
5.4589
6.52268
5.4728
5.45899
6.52261
5.47285
5.45908
6.52254
5.47291
5.45917
6.52246
5.47296
5.45925
6.52239
5.47302
5.45934
6.52232
5.47307
5.45943
6.52224
5.47313
5.45952
6.52217
5.47318
5.4596
6.52209
5.47324
5.45969
6.52202
5.47329
5.45977
6.52195
5.47335
5.45986
6.52188
5.4734
5.45994
6.52181
5.47345
5.46003
6.52174
5.47351
5.46011
6.52167
5.47356
5.46019
6.5216
5.47361
5.46027
6.52153
5.47366
5.46035
6.52147
5.47371
5.46043
6.5214
5.47376
5.46051
6.52133
5.47381
5.46059
6.52127
5.47386
5.46067
6.5212
5.47391
5.46075
6.52113
5.47396
5.46083
6.52106
5.47401
5.4609
6.521
5.47406
5.46098
6.52093
5.47411
5.46106
6.52087
5.47416
5.46114
6.5208
5.47421
5.46121
6.52074
5.47426
5.46129
6.52068
5.4743
5.46136
6.52062
5.47435
5.46143
6.52055
5.4744
5.46151
6.52049
5.47444
5.46158
6.52043
5.47449
5.46165
6.52037
5.47453
5.46172
6.52031
5.47458
5.46179
6.52025
5.47463
5.46187
6.52019
5.47467
5.46194
6.52013
5.47472
5.46201
6.52007
5.47476
5.46208
6.52001
5.47481
5.46215
6.51995
5.47485
5.46222
6.51989
5.47489
5.46229
6.51983
5.47494
5.46236
6.51978
5.47498
5.46242
6.51972
5.47502
5.46249
6.51966
5.47507
5.46256
6.51961
5.47511
5.46262
6.51955
5.47515
5.46269
6.5195
5.47519
5.46275
6.51944
5.47523
5.46282
6.51939
5.47527
5.46289
6.51933
5.47532
5.46295
6.51928
5.47536
5.46302
6.51922
5.4754
5.46308
6.51917
5.47544
5.46314
6.51911
5.47548
5.46321
6.51906
5.47552
5.46327
6.51901
5.47556
5.46333
6.51896
5.4756
5.46339
6.51891
5.47564
5.46345
6.51885
5.47568
5.46351
6.5188
5.47571
5.46357
6.51875
5.47575
5.46363
6.5187
5.47579
5.46369
6.51865
5.47583
5.46375
6.5186
5.47587
5.46381
6.51855
5.4759
5.46387
6.5185
5.47594
5.46393
6.51845
5.47598
5.46399
6.5184
5.47602
5.46405
6.51835
5.47605
5.46411
6.51831
5.47609
5.46416
6.51826
5.47612
5.46422
6.51821
5.47616
5.46427
6.51816
5.4762
5.46433
6.51812
5.47623
5.46438
6.51807
5.47627
5.46444
6.51803
5.4763
5.46449
6.51798
5.47633
5.46455
6.51793
5.47637
5.4646
6.51789
5.4764
5.46466
6.51784
5.47644
5.46471
6.5178
5.47647
5.46476
6.51775
5.47651
5.46482
6.51771
5.47654
5.46487
6.51766
5.47657
5.46492
6.51762
5.47661
5.46497
6.51757
5.47664
5.46503
6.51753
5.47667
5.46508
6.51749
5.4767
5.46513
6.51745
5.47674
5.46518
6.5174
5.47677
5.46523
6.51736
5.4768
5.46527
6.51732
5.47683
5.46532
6.51728
5.47686
5.46537
6.51724
5.47689
5.46542
6.5172
5.47693
5.46547
6.51715
5.47696
5.46552
6.51711
5.47699
5.46557
6.51707
5.47702
5.46562
6.51703
5.47705
5.46567
6.51699
5.47708
5.46571
6.51695
5.47711
5.46576
6.51691
5.47714
5.46581
6.51687
5.47717
5.46585
6.51684
5.4772
5.4659
6.5168
5.47722
5.46594
6.51676
5.47725
5.46599
6.51672
5.47728
5.46603
6.51668
5.47731
5.46608
6.51665
5.47734
5.46612
6.51661
5.47737
5.46617
6.51657
5.4774
5.46621
6.51653
5.47743
5.46626
6.51649
5.47745
5.4663
6.51646
5.47748
5.46634
6.51642
5.47751
5.46639
6.51639
5.47754
5.46643
6.51635
5.47756
5.46647
6.51631
5.47759
5.46651
6.51628
5.47762
5.46655
6.51625
5.47764
5.4666
6.51621
5.47767
5.46664
6.51618
5.47769
5.46668
6.51614
5.47772
5.46672
6.51611
5.47775
5.46676
6.51607
5.47777
5.4668
6.51604
5.4778
5.46684
6.516
5.47782
5.46688
6.51597
5.47785
5.46692
6.51594
5.47787
5.46696
6.5159
5.4779
5.467
6.51587
5.47792
5.46704
6.51584
5.47795
5.46708
6.51581
5.47797
5.46711
6.51577
5.478
5.46715
6.51574
5.47802
5.46719
6.51571
5.47804
5.46723
6.51568
5.47807
5.46726
6.51565
5.47809
5.4673
6.51562
5.47812
5.46734
6.51558
5.47814
5.46738
6.51555
5.47816
5.46741
6.51552
5.47819
5.46745
6.51549
5.47821
5.46749
6.51546
5.47823
5.46752
6.51543
5.47826
5.46756
6.5154
5.47828
5.46759
6.51537
5.4783
5.46763
6.51534
5.47832
5.46766
6.51531
5.47834
5.4677
6.51528
5.47837
5.46773
6.51526
5.47839
5.46776
6.51523
5.47841
5.4678
6.5152
5.47843
5.46783
6.51517
5.47845
5.46787
6.51514
5.47847
5.4679
6.51511
5.4785
5.46793
6.51508
5.47852
5.46797
6.51506
5.47854
5.468
6.51503
5.47856
5.46803
6.515
5.47858
5.46807
6.51497
5.4786
5.4681
6.51495
5.47862
5.46813
6.51492
5.47864
5.46816
6.51489
5.47866
5.46819
6.51487
5.47868
5.46822
6.51484
5.4787
5.46825
6.51482
5.47872
5.46828
6.51479
5.47874
5.46832
6.51476
5.47876
5.46835
6.51474
5.47878
5.46838
6.51471
5.4788
5.46841
6.51468
5.47882
5.46844
6.51466
5.47884
5.46847
6.51463
5.47886
5.4685
6.51461
5.47888
5.46853
6.51458
5.4789
5.46856
6.51456
5.47891
5.46859
6.51453
5.47893
5.46862
6.51451
5.47895
5.46864
6.51449
5.47897
5.46867
6.51446
5.47899
5.4687
6.51444
5.479
5.46873
6.51442
5.47902
5.46876
6.51439
5.47904
5.46878
6.51437
5.47906
5.46881
6.51434
5.47908
5.46884
6.51432
5.47909
5.46887
6.5143
5.47911
5.4689
6.51427
5.47913
5.46892
6.51425
5.47915
5.46895
6.51423
5.47916
5.46898
6.51421
5.47918
5.469
6.51418
5.4792
5.46903
6.51416
5.47921
5.46906
6.51414
5.47923
5.46908
6.51412
5.47925
5.46911
6.5141
5.47926
5.46913
6.51408
5.47928
5.46916
6.51405
5.4793
5.46918
6.51403
5.47931
5.46921
6.51401
5.47933
5.46923
6.51399
5.47934
5.46926
6.51397
5.47936
5.46928
6.51395
5.47938
5.46931
6.51393
5.47939
5.46933
6.51391
5.47941
5.46936
6.51389
5.47942
5.46938
6.51387
5.47944
5.46941
6.51385
5.47945
5.46943
6.51383
5.47947
5.46945
6.51381
5.47948
5.46948
6.51379
5.4795
5.4695
6.51377
5.47951
5.46952
6.51375
5.47953
5.46955
6.51373
5.47954
5.46957
6.51371
5.47956
5.46959
6.51369
5.47957
5.46962
6.51367
5.47959
5.46964
6.51365
5.4796
5.46966
6.51363
5.47962
5.46968
6.51361
5.47963
5.46971
6.51359
5.47964
5.46973
6.51357
5.47966
5.46975
6.51356
5.47967
5.46977
6.51354
5.47968
5.46979
6.51352
5.4797
5.46981
6.5135
5.47971
5.46983
6.51348
5.47973
5.46986
6.51347
5.47974
5.46988
6.51345
5.47975
5.4699
6.51343
5.47977
5.46992
6.51341
5.47978
5.46994
6.5134
5.47979
5.46996
6.51338
5.47981
5.46998
6.51336
5.47982
5.47
6.51334
5.47983
5.47002
6.51333
5.47984
5.47004
6.51331
5.47986
5.47006
6.51329
5.47987
5.47008
6.51328
5.47988
5.4701
6.51326
5.47989
5.47012
6.51324
5.47991
5.47014
6.51323
5.47992
5.47016
6.51321
5.47993
5.47018
6.51319
5.47994
5.4702
6.51318
5.47996
5.47022
6.51316
5.47997
5.47024
6.51315
5.47998
5.47026
6.51313
5.47999
5.47027
6.51311
5.48
5.47029
6.5131
5.48002
5.47031
6.51308
5.48003
5.47033
6.51307
5.48004
5.47035
6.51305
5.48005
5.47037
6.51304
5.48006
5.47038
6.51302
5.48007
5.4704
6.51301
5.48008
5.47042
6.51299
5.4801
5.47044
6.51298
5.48011
5.47045
6.51296
5.48012
5.47047
6.51295
5.48013
5.47049
6.51293
5.48014
5.47051
6.51292
5.48015
5.47052
6.5129
5.48016
5.47054
6.51289
5.48017
5.47056
6.51288
5.48018
5.47057
6.51286
5.4802
5.47059
6.51285
5.48021
5.47061
6.51283
5.48022
5.47062
6.51282
5.48023
5.47064
6.51281
5.48024
5.47066
6.51279
5.48025
5.47067
6.51278
5.48026
5.47069
6.51277
5.48027
5.4707
6.51275
5.48028
5.47072
6.51274
5.48029
5.47074
6.51273
5.4803
5.47075
6.51271
5.48031
5.47077
6.5127
5.48032
5.47078
6.51269
5.48033
5.4708
6.51267
5.48034
5.47081
6.51266
5.48035
5.47083
6.51265
5.48036
5.47084
6.51264
5.48037
5.47086
6.51262
5.48038
5.47087
6.51261
5.48039
5.47089
6.5126
5.48039
5.4709
6.51259
5.4804
5.47092
6.51257
5.48041
5.47093
6.51256
5.48042
5.47095
6.51255
5.48043
5.47096
6.51254
5.48044
5.47098
6.51252
5.48045
5.47099
6.51251
5.48046
5.471
6.5125
5.48047
5.47102
6.51249
5.48048
5.47103
6.51248
5.48049
5.47105
6.51247
5.4805
5.47106
6.51245
5.4805
5.47107
6.51244
5.48051
5.47109
6.51243
5.48052
5.4711
6.51242
5.48053
5.47111
6.51241
5.48054
5.47113
6.5124
5.48055
5.47114
6.51239
5.48056
5.47115
6.51237
5.48056
5.47117
6.51236
5.48057
5.47118
6.51235
5.48058
5.47119
6.51234
5.48059
5.47121
6.51233
5.4806
5.47122
6.51232
5.48061
5.47123
6.51231
5.48061
5.47124
6.5123
5.48062
5.47126
6.51229
5.48063
5.47127
6.51228
5.48064
5.47128
6.51227
5.48064
5.47129
6.51226
5.48065
5.4713
6.51225
5.48066
5.47132
6.51224
5.48067
5.47133
6.51223
5.48068
5.47134
6.51222
5.48068
5.47135
6.51221
5.48069
5.47137
6.5122
5.4807
5.47138
6.51219
5.48071
5.47139
6.51218
5.48071
5.4714
6.51217
5.48072
5.47141
6.51216
5.48073
5.47142
6.51215
5.48074
5.47144
6.51214
5.48074
5.47145
6.51213
5.48075
5.47146
6.51212
5.48076
5.47147
6.51211
5.48076
5.47148
6.5121
5.48077
5.47149
6.51209
5.48078
5.4715
6.51208
5.48079
5.47151
6.51207
5.48079
5.47152
6.51206
5.4808
5.47154
6.51205
5.48081
5.47155
6.51204
5.48081
5.47156
6.51204
5.48082
5.47157
6.51203
5.48083
5.47158
6.51202
5.48083
5.47159
6.51201
5.48084
5.4716
6.512
5.48085
5.47161
6.51199
5.48085
5.47162
6.51198
5.48086
5.47163
6.51198
5.48087
5.47164
6.51197
5.48087
5.47165
6.51196
5.48088
5.47166
6.51195
5.48089
5.47167
6.51194
5.48089
5.47168
6.51193
5.4809
5.47169
6.51192
5.48091
5.4717
6.51192
5.48091
5.47171
6.51191
5.48092
5.47172
6.5119
5.48092
5.47173
6.51189
5.48093
5.47174
6.51188
5.48094
5.47175
6.51188
5.48094
5.47176
6.51187
5.48095
5.47177
6.51186
5.48095
5.47178
6.51185
5.48096
5.47178
6.51184
5.48097
5.47179
6.51184
5.48097
5.4718
6.51183
5.48098
5.47181
6.51182
5.48098
5.47182
6.51181
5.48099
5.47183
6.51181
5.48099
5.47184
6.5118
5.481
5.47185
6.51179
5.48101
5.47186
6.51178
5.48101
5.47187
6.51178
5.48102
5.47187
6.51177
5.48102
5.47188
6.51176
5.48103
5.47189
6.51175
5.48103
5.4719
6.51175
5.48104
5.47191
6.51174
5.48104
5.47192
6.51173
5.48105
5.47193
6.51173
5.48105
5.47193
6.51172
5.48106
5.47194
6.51171
5.48107
5.47195
6.5117
5.48107
5.47196
6.5117
5.48108
5.47197
6.51169
5.48108
5.47197
6.51168
5.48109
5.47198
6.51168
5.48109
5.47199
6.51167
5.4811
5.472
6.51166
5.4811
5.47201
6.51166
5.48111
5.47201
6.51165
5.48111
5.47202
6.51164
5.48112
5.47203
6.51164
5.48112
5.47204
6.51163
5.48113
5.47204
6.51163
5.48113
5.47205
6.51162
5.48114
5.47206
6.51161
5.48114
5.47207
6.51161
5.48115
5.47208
6.5116
5.48115
5.47208
6.51159
5.48116
5.47209
6.51159
5.48116
5.4721
6.51158
5.48116
5.4721
6.51157
5.48117
5.47211
6.51157
5.48117
5.47212
6.51156
5.48118
5.47213
6.51156
5.48118
5.47213
6.51155
5.48119
5.47214
6.51155
5.48119
5.47215
6.51154
5.4812
5.47215
6.51153
5.4812
5.47216
6.51153
5.48121
5.47217
6.51152
5.48121
5.47218
6.51152
5.48121
5.47218
6.51151
5.48122
5.47219
6.5115
5.48122
5.4722
6.5115
5.48123
5.4722
6.51149
5.48123
5.47221
6.51149
5.48124
5.47222
6.51148
5.48124
5.47222
6.51148
5.48124
5.47223
6.51147
5.48125
5.47223
6.51147
5.48125
5.47224
6.51146
5.48126
5.47225
6.51145
5.48126
5.47225
6.51145
5.48126
5.47226
6.51144
5.48127
5.47227
6.51144
5.48127
5.47227
6.51143
5.48128
5.47228
6.51143
5.48128
5.47229
6.51142
5.48128
5.47229
6.51142
5.48129
5.4723
6.51141
5.48129
5.4723
6.51141
5.4813
5.47231
6.5114
5.4813
5.47232
6.5114
5.4813
5.47232
6.51139
5.48131
5.47233
6.51139
5.48131
5.47233
6.51138
5.48131
5.47234
6.51138
5.48132
5.47234
6.51137
5.48132
5.47235
6.51137
5.48133
5.47236
6.51136
5.48133
5.47236
6.51136
5.48133
5.47237
6.51135
5.48134
5.47237
6.51135
5.48134
5.47238
6.51134
5.48134
5.47238
6.51134
5.48135
5.47239
6.51133
5.48135
5.4724
6.51133
5.48135
5.4724
6.51133
5.48136
5.47241
6.51132
5.48136
5.47241
6.51132
5.48136
5.47242
6.51131
5.48137
5.47242
6.51131
5.48137
5.47243
6.5113
5.48137
5.47243
6.5113
5.48138
5.47244
6.51129
5.48138
5.47244
6.51129
5.48138
5.47245
6.51129
5.48139
5.47245
6.51128
5.48139
5.47246
6.51128
5.48139
5.47246
6.51127
5.4814
5.47247
6.51127
5.4814
5.47247
6.51126
5.4814
5.47248
6.51126
5.48141
5.47248
6.51126
5.48141
5.47249
6.51125
5.48141
5.47249
6.51125
5.48142
5.4725
6.51124
5.48142
5.4725
6.51124
5.48142
5.47251
6.51124
5.48143
5.47251
6.51123
5.48143
5.47252
6.51123
5.48143
5.47252
6.51122
5.48143
5.47253
6.51122
5.48144
5.47253
6.51122
5.48144
5.47254
6.51121
5.48144
5.47254
6.51121
5.48145
5.47255
6.5112
5.48145
5.47255
6.5112
5.48145
5.47255
6.5112
5.48146
5.47256
6.51119
5.48146
5.47256
6.51119
5.48146
5.47257
6.51119
5.48146
5.47257
6.51118
5.48147
5.47258
6.51118
5.48147
5.47258
6.51117
5.48147
5.47258
6.51117
5.48147
5.47259
6.51117
5.48148
5.47259
6.51116
5.48148
5.4726
6.51116
5.48148
5.4726
6.51116
5.48149
5.47261
6.51115
5.48149
5.47261
6.51115
5.48149
5.47261
6.51115
5.48149
5.47262
6.51114
5.4815
5.47262
6.51114
5.4815
5.47263
6.51114
5.4815
5.47263
6.51113
5.4815
5.47263
6.51113
5.48151
5.47264
6.51113
5.48151
5.47264
6.51112
5.48151
5.47265
6.51112
5.48151
5.47265
6.51112
5.48152
5.47265
6.51111
5.48152
5.47266
6.51111
5.48152
5.47266
6.51111
5.48152
5.47267
6.5111
5.48153
5.47267
6.5111
5.48153
5.47267
6.5111
5.48153
5.47268
6.51109
5.48153
5.47268
6.51109
5.48154
5.47268
6.51109
5.48154
5.47269
6.51108
5.48154
5.47269
6.51108
5.48154
5.47269
6.51108
5.48155
5.4727
6.51108
5.48155
5.4727
6.51107
5.48155
5.47271
6.51107
5.48155
5.47271
6.51107
5.48155
5.47271
6.51106
5.48156
5.47272
6.51106
5.48156
5.47272
6.51106
5.48156
5.47272
6.51105
5.48156
5.47273
6.51105
5.48157
5.47273
6.51105
5.48157
5.47273
6.51105
5.48157
5.47274
