4.99792
4.81837
4.63295
4.63378
4.63648
4.64599
5.67081
8.1549
11.4394
13.4385
11.8356
8.02731
4.06754
1.28881
1.05624
1.03788
0.568394
0.0607476
-0.0106776
-0.0348057
-0.0582282
-0.102139
-0.149183
-0.182414
-0.209334
-0.23703
-0.15242
-0.0655859
-0.0760264
-0.0845025
-0.0934125
0.0105266
0.116942
0.131691
0.14708
0.161907
0.246743
0.334613
0.374489
0.414108
0.452324
0.505906
0.564073
0.628211
0.691083
0.751036
0.770304
0.796493
0.883789
0.96864
1.04851
1.03343
1.02812
1.13742
1.24296
1.34104
1.29259
1.25706
1.38721
1.51222
1.627
1.54645
1.48213
1.63203
1.77537
1.90552
1.79424
1.70256
1.87116
2.03177
2.17612
2.03547
1.91775
2.10406
2.28099
2.43852
2.26981
2.1273
2.3304
2.52275
2.69256
2.49703
2.33088
2.5499
2.75686
2.93818
2.717
2.52827
2.76242
2.98324
3.17537
2.92964
2.71931
2.96783
3.20181
3.40413
3.1349
2.90388
3.16608
3.41258
3.62454
3.33277
3.08192
3.35713
3.61556
3.83665
3.52328
3.25339
3.541
3.81078
4.04055
3.70645
3.41828
3.7177
3.99831
4.23633
3.88233
3.5766
3.88726
4.1782
4.42408
4.05099
3.72838
4.04976
4.35054
4.6039
4.21248
3.87365
4.20523
4.5154
4.7759
4.36689
4.01247
4.35377
4.67288
4.94018
4.51429
4.1449
4.49544
4.82306
5.09685
4.65478
4.27101
4.63033
4.96604
5.246
4.78843
4.39087
4.75852
5.10192
5.38774
4.91533
4.50456
4.8801
5.23079
5.52219
5.03559
4.61217
4.99517
5.35276
5.64944
5.14929
4.71377
5.10381
5.46792
5.7696
5.25653
4.80946
5.20613
5.57639
5.88277
5.35741
4.89933
5.30222
5.67825
5.98906
5.45202
4.98346
5.39218
5.77361
6.08858
5.54045
5.06195
5.4761
5.86257
6.18143
5.62282
5.13489
5.55408
5.94524
6.26772
5.69921
5.20238
5.62622
6.02172
6.34754
5.76973
5.2645
5.69262
6.09211
6.42101
5.83446
5.32135
5.75338
6.15651
6.48822
5.89352
5.37303
5.80859
6.21503
6.54929
5.947
5.41962
5.85836
6.26776
6.60431
5.99499
5.46122
5.90277
6.31482
6.6534
6.0376
5.49792
5.94194
6.35629
6.69665
6.07492
5.52982
5.97595
6.39228
6.73417
6.10705
5.55701
6.0049
6.42291
6.76606
6.13409
5.57957
6.02889
6.44825
6.79243
6.15613
5.59761
6.04802
6.46842
6.81338
6.17328
5.6112
6.06239
6.48353
6.82902
6.18563
5.62046
6.07208
6.49366
6.83945
6.19327
5.62545
6.0772
6.49892
6.84478
6.19631
5.62628
6.07784
6.49941
6.84511
6.19484
5.62304
6.0741
6.49524
6.84054
6.18896
5.61581
6.06608
6.4865
6.83118
6.17876
5.60468
6.05386
6.47329
6.81714
6.16434
5.58975
6.03755
6.45572
6.79851
6.1458
5.57111
6.01724
6.43389
6.77541
6.12323
5.54884
5.99303
6.4079
6.74794
6.09674
5.52303
5.96501
6.37784
6.7162
6.06641
5.49377
5.93327
6.34382
6.6803
6.03235
5.46116
5.89792
6.30595
6.64035
5.99465
5.42527
5.85905
6.26431
6.59645
5.95341
5.3862
5.81675
6.21902
6.54871
5.90872
5.34404
5.77111
6.17018
6.49723
5.86068
5.29888
5.72224
6.11788
6.44212
5.8094
5.2508
5.67023
6.06223
6.38349
5.75495
5.1999
5.61518
6.00332
6.32144
5.69745
5.14626
5.55717
5.94127
6.25608
5.63699
5.08997
5.49632
5.87617
6.18751
5.57367
5.03112
5.4327
5.80813
6.11585
5.50758
4.96981
5.36642
5.73724
6.0412
5.43882
4.90611
5.29757
5.66362
5.96366
5.36749
4.84012
5.22625
5.58735
5.88336
5.29369
4.77192
5.15256
5.50855
5.80038
5.21751
4.70162
5.07659
5.42732
5.71484
5.13906
4.62929
4.99844
5.34375
5.62686
5.05843
4.55502
4.9182
5.25796
5.53653
4.97572
4.47891
4.83598
5.17005
5.44397
4.89103
4.40105
4.75186
5.08012
5.34928
4.80445
4.32152
4.66595
4.98827
5.25258
4.7161
4.24042
4.57834
4.8946
5.15397
4.62605
4.15783
4.48914
4.79923
5.05356
4.53443
4.07385
4.39843
4.70226
4.95147
4.44131
3.98856
4.30631
4.60378
4.84779
4.34681
3.90207
4.21289
4.50391
4.74265
4.25103
3.81445
4.11826
4.40275
4.63615
4.15405
3.7258
4.02252
4.3004
4.5284
4.056
3.63621
3.92577
4.19698
4.41952
3.95695
3.54578
3.8281
4.09257
4.30961
3.85702
3.45458
3.72963
3.9873
4.19878
3.75631
3.36273
3.63043
3.88126
4.08715
3.65491
3.2703
3.53062
3.77457
3.97483
3.55293
3.17739
3.43029
3.66732
3.86192
3.45047
3.08409
3.32955
3.55963
3.74855
3.34763
2.99049
3.22848
3.4516
3.63482
3.24452
2.8967
3.1272
3.34334
3.52085
3.14122
2.80279
3.02581
3.23495
3.40674
3.03786
2.70886
2.92439
3.12654
3.29261
2.93452
2.61501
2.82306
3.01822
3.17858
2.83131
2.52133
2.72191
2.9101
3.06476
2.72834
2.42791
2.62105
2.80229
2.95125
2.6257
2.33485
2.52057
2.69488
2.83818
2.52351
2.24224
2.42058
2.588
2.72566
2.42186
2.15017
2.32118
2.48175
2.6138
2.32085
2.05874
2.22247
2.37623
2.50271
2.22059
1.96805
2.12455
2.27156
2.39252
2.12119
1.87818
2.02752
2.16785
2.28333
2.02275
1.78923
1.93149
2.0652
2.17526
1.92537
1.7013
1.83656
1.96373
2.06842
1.82916
1.61448
1.74284
1.86353
1.96294
1.73422
1.52887
1.65041
1.76474
1.85892
1.64065
1.44457
1.5594
1.66744
1.75648
1.54857
1.36166
1.46989
1.57176
1.65574
1.45807
1.28024
1.382
1.47781
1.55682
1.36927
1.20042
1.29582
1.38569
1.45982
1.28227
1.12228
1.21147
1.29551
1.36487
1.19716
1.04593
1.12904
1.20739
1.27209
1.11407
0.97145
1.04863
1.12144
1.18158
1.0331
0.89895
0.970368
1.03777
1.09348
0.954345
0.828523
0.894338
0.956488
1.00789
0.877922
0.760265
0.820651
0.87771
0.92493
0.803934
0.694275
0.749412
0.801548
0.844725
0.732489
0.630649
0.680725
0.728113
0.767389
0.663694
0.569485
0.614695
0.657517
0.69304
0.597657
0.51088
0.551429
0.589874
0.621798
0.534484
0.454933
0.491032
0.525296
0.55378
0.474284
0.401741
0.433609
0.463896
0.489107
0.417165
0.351403
0.379267
0.405788
0.427897
0.363235
0.304016
0.328112
0.351084
0.37027
0.312601
0.259681
0.28025
0.2999
0.316345
0.265374
0.218495
0.235788
0.252348
0.266242
0.22166
0.180557
0.194832
0.208543
0.220082
0.18157
0.145966
0.157489
0.168599
0.177984
0.145212
0.114822
0.123867
0.13263
0.140069
0.112696
0.0872244
0.0940735
0.100751
0.106457
0.0841305
0.0632721
0.068215
0.0730777
0.0772709
0.059626
0.0430652
0.0463996
0.0497243
0.0526301
0.0392921
0.0267036
0.0287352
0.0308063
0.0326565
0.0232388
0.0142876
0.0153299
0.0164392
0.0174717
0.0115764
0.00591724
0.00629196
0.00673879
0.0071974
0.0044153
0.00169318
0.00172981
0.00182094
0.00195563
0.00186622
0.00171602
0.00175212
0.00180176
0.00186862
0.00403997
0.00608659
0.00646773
0.00679758
0.00705879
0.0110476
0.0149059
0.0159857
0.0169249
0.0176488
0.0230002
0.0282751
0.0304152
0.0323005
0.0337615
0.0400093
0.0462956
0.0498656
0.0530413
0.0555199
0.0621866
0.0690689
0.0744466
0.0792644
0.0830475
0.0896437
0.0966967
0.104268
0.111087
0.116468
0.122493
0.129281
0.13944
0.148627
